10 100 1 2 5 -9 0

-77 -81 -18 -13 31 51 -9 -67 14 -52 47 45 38 -82 -82 -92 79 62 81 20

-74 100 -45 44 -65 35 70 -69 34 -89 19 56 -5 -43 8 -17 -6 23 68 -96 65 47 49 -77 -44 28 45 -76

41 36 78 -63 -76 -97 -70 -41 57 -46 22 19 -24 93 78 19 92 16 -72 19 73 47 -53 81 98 -58 -89 -90 -29 51 -74 -34 -62 -12 -27 5 70 88 -49 67 -61 33 45 81 60 12 49 44 80 -66 14 -50 -36 -65 -79 -62 37 74 99 84 -3 53 21 26 32 45

55 16 54 -95 61 73 -93 -39 97 30 -55 -48 -48 -44 -70 58 58 36 -84 -77 22 90 4 -39 44 -67 21 80 56 -18 -24 53 -4 12 5 96 -10 51 66 -67 -4 -31 48 25 -48 93 2 -5 21 -43 -97 -3 4 -66 -97 87 -39 76 -45 -61 -91 -87 61 91 -66 -31 43 66 1 83 35 -20 -24 -10 72 -71 63 19 -72 -21 -87

1 2 3 4

-28 -13 99 -44 -18 -63 2 -51 94 -88 -46 53 -71 31 -58 70 30 25 -55 -90 -55 -30 85 -91 89 -67 -9 -68 44 -9 38 79 -44 22 8 -37 -41 -39 -17 -56 92 14 43 -4 19 46 93 -46 -26 -7 -84 37

-85 40 -50 85 37 -63 79 43 -48 -89 -32 67 -14 12 -36 -83 85 -7 40 70 62 -23 -27 61 87 66 -63 -92 77 -98 15 -67 22 -87 -43 -11 0 82 -4 72

93 12 86 -1 -95 -68 80 62 -74 -55 100 87 -55 -28 -42 -97 -7 -24

-27 -63 54 -36 66 48 4 -87 -97 13 64 86 -39 -82 -59 -90 -16 49 -40 -30 -38 -33 -89 -85 88 -93 -11 -12 52 -76 -42 -20 -79 56 -89 -17 -41 -86 -51 49 -66 68 -96 81 -33 -88 -76 -79 -39 45 54 19 99 69 4 -71 28 95 79 42 -100 -42 -77 23

45 75 -15 9 10 80 94 52 23 -78 62 42 -81 71

-65 -54 -7 -57 -43 -97 91 -58 -52 -40 -89 33 -38 -31 36 -4 97 31 -22 38 64 -57 -44 -91 -39 -87 -19 67 59 84 84 -84 38 -5 10 -29 90 75 32 -78 24 -46 -71 -21 -32 -10 -89 -1 48 -53 25 17 71 49 -32

16 -84 -43 -53 -25 -58 -92 -50 -89 -42 33 7 40 -91 41 76 -99 -5 -54 68 25 44 16 31 81 -25 -11 -68 -98 72 75 93 21 46 -71 38 6 74 19 28 77 -46 72 -100 91 80 2 -27 74 -92 -31 -81 51 -45 -12 -96 -63 -94 -17 74 -52 60 -25 5 41 -10 -74 22 43 -65 -6 -78 -18 90 -80 13 -70 -90 21 -60 -6

57 -9 32 -18 18 99 -45 -64 67 -87 -16 17 -71 49 -29 52 -5 93 69 -17 75 -72 -96 27 15 -78 61 -78 84 97 51 -82 -46 79 -72 -34 18 59 30 68 16 -70 -47 82 -33 -86 76 -34 -5 -94 0 13 67 -15 -77 99 7 -26 -93 3 -58 -11 53 100 -45 28 91 86 -70 43 94 28 -13 24 -73 -14 6 2 -56

-79 75 63 -86

10 -1

20 98 -8 -21 2 36 48 -59 -93 -15 81 19 -22

58 -38 45 45 38 -92

-55 35 -81 -2 61 -39 68 0 85 35 0 -12 42 -13 -9 14 66 -89 18 -32 -41 -49 88 75 -85 -82 -42 -69 -13 -16 -3 -47 -85 -85 -28 -16 81 33 70 -44 -20 -36 38 -25 30 -26 34 64 5 -73 -56 66 92 -91 -86 -88 -95 5 -83 99 13 -75 80 -1 5 -31 4 63 14 31 82 -13 7 -20 -63 -77 89

-48 6 -35 31 66 21 -74 -32 -75 52 -6 -90 -66 -90 54 29 3 93 -68 -27 42 89 54 13 21 55 -77 57 81 55 40 -39 -90 -40 -80 -24 62 32 -59 17 69 12 66 -92 28 92 91 68 88 80 -40 10 20 -91 24 -7 19 -38 79 45 -3 29 -32 62 30 58 -57 46 69 -54 0 -78 -38 58 70 -8 33 -75 -55 -38 -33 -73 68 6

-50 82 -77 4 83 71 -18 79 59 33 89 -63 94 20 99 37 88 15 -47 0 -6 20 -21 31 100 79 -10 -30 13 67 -72 58 -97 77 -78 13 48 9 -33 92 -80 8 -72 75 -25 -66 13 20 -31 -48 -25 78 -80 -96 14 25 -43 -80 64 70 54 -42 -46 -78 -91 12 -82 11 -43 -75 76 98 38 -14 24 56 -65 -48 -74 -49 63 91 -98 -68 15 -68 -51 49 95 -5 -46 57 -95 -49 68 15 -41 80

57 -74 76 -37 -30 62 -23 78 -27 -35 -71 70 18 46 -41 -29 2 -44 55 90 -61 63 -34 60 -59 -59 3 13 -63 63 -93 38 31 -50 37 -70 76 53 11 -10 -49 89 20 15 53 33 64 47 67 75 -9 63 -14 68 -71 54 -76 -10 64 6 -53 46 -17 -9 19 -66 -21 -37 73 -87 -98 17 0 44 -54 -91 63 80 58 99 13 -78 -98 -24 70

-16 80 75 83 -86 60 9 -37 -74 -87 84 72 83 21 -17 -64 -21 20 2 30 -35 -67 49 100 16 -71 -45 79 -67 -55 97 -37 27 -65 84 80 -4 -100 36 52 16 47 -33 -73 -1 30 -42 6 -69 99 46 64 6 -15 30 -72 70 15 -70 97 92 -81 -99 38 87 -31 19 35 15 83 62 25 -3 59

20 -98 75 54 64 -93 -87 -14 -87 56 -9 85 -48 59 -51 -53 23 69 44 -11 -63 71

58 -95 33 19 -68 59 53 -44 98 20 -12 -24 -65 16 63 -63 91 61 94 -21 -24

71 -5 -5 -41 54 -52 65 58 -3 51 67 17 -87 23 37 67 -36 7 56 -27 -21 -62 -17 17 95 -70 0 -96 -82 -8 -86 -12 43 8 -51 5 -85 68 97 -99 -80 84 88 -57 -91 74 5 2 42 15 -26 45 33 84 -57 -28 53 -39 16 -88 -6 1 -12 -6 99 -1 45 84 44 77 92 55 38 36 -37 -30 -87 82 -60 50 -92 37 8 70 -35

14 88 -69 17 54 7 -9 -79 -77 84 -84 42 61 -88 91 -6 58 -81 91 -70 16 27 -18 16 74 -60 -66 44 27 -92 2 -48 -27 5 16 92 37 21 57 -23 13 -63 59 -35 -34 4 65 -78 50 -45 -3 -22 27 -39 94 35 -22 -58 -45 6 11 -51 40 9 87 43 95 -96 32 -29 2 -59 -60 -87 -72 43 43 -51 17 52 -64

-37 24 -66 -39 57 95 76 88 -55 -21 -33 -37 98 -43 58 -66 51 18 -48 85 93 66 11 5 23 73 -24 -22 -32 -83 -48 -12 84 66 -77 -67 89 -15 -100 73 -86 -50 16 -8 -43 -29 -55 -70 22 -58 -74 -96 -54 -18 22 8 -68

74 -14 -23 14 -55 18 -78 79 -9 -58 44 72 -95 -45 7 -34 39 3 9 19 -68 -88 11 -84 -92 -66 -86 -49 88 -49 -62 -28 73 -76 67 5 53 63 27 -31 -14 12 78 20 -2 48 -84 -17 -7 -86 -10 29 4 -86 -93 -72 33 75 30 81 -2 22 -6 -46 48 -12 71 38 -28 -58 19 -7

93 -55 53 43 -25 -14 29 -92 31 23 67 -47 -85 16 -71 0 -6 -65 -23

-46 47 22 -46 92 -96 -24 94 85 -86 69 56 -92 48 46 71 82 -41 -13 -54 -53 93 -47 -41 -7 -52 5 12 85 -93 -70 -38 97 -17 -80 19 -22 -34 48 -14 -85 48 7 88 70 83 -80 -86 90 27 68 -37 -27 21 63 -28 79 0 11 -82 2 -94 21 -90 -8 -42 -19 -98 10 7 69 -76 43 -26 49 50 -61 -9 -35 -77 58 -87 16

10 20 30 40

78 8 -20 -47 -78 -18 24 -43 -100 -88 0 -3 72 47 -4 -21 36 -77 29

-65 25 93 2 80 -72 -49 8 -61 -1 -63 79 84 43 -72 34 33 -43 -7 -79 85 -94 8 84 -72 -67 -61 -9 -20 -11 71 -54 22 97 9 -14 81 -38 -79 100 -31 -29 -19 52 25 -93 -72 -17 -64 5 -79 -87 87 -24 -25 97 86 -67 -90 50 -87 -4 1 37 88 12 -21 41 25 -23 -100 -60 54 88 6 -65 -9 27

-35 71 10 -15 52 -75 -62 -11 19 -10 43 -90 -65 84 94 64 -1 56 75 -17 39 94 -98 -36 83 55 42 -43 14 89 -17 60 -2 -84 26 88 -76 -2 55 -87 -44 40 98 79 -77 41 54 58 76 19 0 84 98 -33 45 72 -48 58 24 32 -94 68 -63 24 40

33 -18 -39 -17 -94 11 12 -30 49 -35 24 1 36 96 6 -49 -20 -78 45 59 -39 28 -95 1 -96 12 87 -36 -98 -36 -30 100 -62 -11 94 88 -51 -94 73 98 -66 49 -90 -48 -3 -13 91 -86 -25 -75 5 -69 -52 -5 -34 46 -12 -20 -22 -22 93 63 42 -67 -84 86 -84 -13 23 -56 27 -57 47 -36 92 -53 -46 -18 2 72 29 -41 -71 61 66 -35 -91 75 -29 -47 -47 -6 -14 82 -62 -93 -17 -52 89

-88 -11 -75 34 28 -28 -27 62 -52 85 -48 -95 68 90 74 -6 83 5 41 95 51 -96 -77 -80 17 -58 -17 -3 -6 46 81 89 73 -66 98 65 -60 98 -100 62 -28 -14 84 26 55 -21 -65 66 -80 41 -44 74 -49 -67 -61 -39 -47 -50 -75 -55 -99 -66 25 21 -14 47 72 -22 8 89 43 -7 14 7 -27 96 1 -40 -42 -85 18 34 -64 -66 0 -70 91

3 51 44 -46 54 -50 14 -8 9 8 -48 -32 76 -49 -12 -30 -62 -88 23 -63 61 -61 51 35 100 -13 -86 -4 18 -96 -12 -19 22 -19 -54 -56 72 -96 -93 -18 99 77 -81 -11 90 19 -58 48 -64 -58 40 74 44 -38 57 -89 1 13 -48 19 -26 -24 -76 -56 38 -37 18 -79 7 -23 92 -78 77 69 -59 47 -94 76 -60 -3 20 -77 -78 40 43 -29 -60 -55 -59

-98 -15 80 -66 48 43 58 -67 -27 88 41 0 -41 -5 74 -79 -33 -17 50 16 -66 12 -68 76 -55 1 -70 14 42 -62 70 8 -82 65 95 99 -60 12 -56 52 -29 45 56 -95 -56 83 -27 82 -81 83 -37 47 80 31 55 16 73 -25 26 -39 -76 -16 5 15 18 -9 -84 -54 -1 82 -23 -82 -45 2 -19 -43 95 -57 -28 51

95 19 -52 79 58 92 -27 46 41 -34 22 95 -3 36 -95 -46 9 -9 56 -16 -67 -3 27 -93 -8 60 -29 73 44 -8 -64 -44 -96 -20 -34 21 -96 -68 -83 -19 59 -33 38 -30 -100 6 68 -61 2
