9 25 34 29 49 | 33 45 50 22 30 | 44 | 5 | 39 44 30 45 34 | 25 43 | 1 46 5 40 34 | 14 49 | 25 26 23 50 6

28 42 27 37 30 | 25 12 18 42 41 2 7 | 13 5 | 2 47 27 30 50 | 24 32 37 | 46 21 | 45 27 28 17 22 | 32 30 20 | 13 38 14 48 44 21 | 12 15 14 40 50 | 24 11 30 44 45 43 40 | 8 5 4 7 25 | 5 16 42 41 | 21 22 23 | 20 16 | 16 | 41 | 12 48 17 16 46 30 5

12 | 2 44 27 36 | 3 37 43 | 11 47 3 45 37 | 20 13 28 29 35 | 33 14 35

38 | 33 44 39 7 | 1 8 5 14 19 | 30 14 36 34 | 2 42 35 | 1 26 23 22 49 | 25 45 5 | 11 40 | 37 6 | 13 14 41 | 33 40 7

19 11 | 19 21 23 | 31 39 29

13 19 32 28 35 2 | 9 11 29 25 | 44 2 20 50 | 19 39 38 5 50 | 13 27 30 50 43 2 | 4 49 21 22 23 | 18 13 47 21 41 | 39 22 17 46 32 42 8 | 28 7 23 | 13 15 49 33 28 50 1 | 45 42 | 3 13 14 23

20 15 9 42 16 | 44 45 5 14 3 | 9 12 30 | 26 45 35 1 5 7 | 24 47 39 | 24 21 22 37 40 7 | 39 38 37 36 43 6 50 | 11 33 29 23 | 8 | 10 | 10 12 48 33 31 3 38 | 24 31 49 37 23 | 21 19 50 29 4 14 | 8 27 21 | 1 44 14 48 | 26 40

35 | 3 29 22 41 | 33 15 42 49 | 24 46 12 42 | 8 13 | 23 21 49 | 9 32 13 | 3 | 11 8 37 35 | 37 50 | 24 25 3 16 | 47 26 50 8 | 8 4 | 24 28 17 7 23 | 6 | 24 38 21 35 | 6 5 34

26 38 15 | 10 27 21 19 47 37 | 1 | 20 23 36 40 6 8 | 4 21 23 | 18 13 28 36 41 | 33 15 43 14 | 40 | 19 39 31 4 | 10 3 23 40 16 | 27 33 47 37 1 4 18 | 24 32 39 13 16 | 27 15 17 33 30 2 4 | 26 | 11 21 | 20 49 50 35 29 15

28 29 40 23 | 15 47 45 40 41 5 7 | 48 | 26 37 36 | 8 21 | 33 32 25 34 | 2 | 24 17 48 49 33 29 8 | 11 24 39 18 30 9 | 11 16 42 50 29 4 | 46 13 | 21 43

24 2 | 30 37 48 49 | 19 32 26 30 | 11 27 2 7 | 39 | 46 9 28 47 | 27 | 19 30 16 14 41 | 3 40 | 47 21 16 | 2 3 27 45 32 | 11 28

26 | 26 21 48 16 42 29 3 | 9 30 37 35 38 | 26 37 7 49 | 21 22 49 46 43 8

8 38 36 30 | 13 12 17 16 45 34 9 | 34 43 17 49 | 25 30 17 49 | 8 | 25 21 48 16 43 34 6 | 46 13 12 20 | 24 31 41 | 8 44 37 | 50 21 16 | 5 40 | 13 27 42 | 38 20 22 23 33 34 | 24 | 11 1 3 12 48 | 14 45 28 36 6 8 | 35 40 | 15 44 30 36 35 41 5 | 41 38 50 40 29

3 5 41 | 30 48 | 12 37 34 | 14 | 13 30 21 48 23 | 14 16 33 44 35 1 21 | 16 44 45 34 | 16 | 37 38 20 41 23 | 48 | 24 8 39 2 | 39 42

19 26 2 50 7 | 46 10 22 | 19 26 7 | 39 27 46 37 3 38 | 19 18 13 21 7 | 11 38 15 14 46 35 3 | 24 20 17 16 33 47 40

43 2 21 29 | 35 | 14 17 34 | 8 31 13 3 41 | 39 27 20 31 36 40 38 | 46 39 42 22 6 | 1 47 39 10 | 39 27 20 46 30 35 | 24 12 5 | 24 26 | 24 11 45 | 6 4 17 41 | 1 39 22 23 | 24 15 44 42 35 34 | 32

44 41 49 | 14 35 | 9 26 50 16 | 9 20 | 13 48 49 19 28 29 3 | 6 | 44 | 26 22 45 36 35 3 | 25 3 37 16 | 11 47 22 | 32 26 10 | 21 22 18 31 47 9 | 31 36 | 27 17 23 1 4 6 | 3 | 24 12 20 | 24 45 30 50 23 | 23 30 36 2 7 8 | 24 13 50 6

48 23 | 27 6 | 2 45 | 9 27 | 44 7 | 50 | 21 28 42 40 7 47 | 24 26 30 40 | 49 | 49 48 16 | 20 22 19 18 32 8 | 25 13 47 31 30 1 | 15 37 | 47 39 4 8 21

8 13 34 42 41 | 11 10 13 42 34 | 41 30 45 22 49 | 11 26 | 19 48 17 | 2 8 23 34 | 8 39 14 | 46 9 27 14 30 | 17 6 | 33 35 | 33 32 34 4 11

24 34 4 22 23 | 15 42 50 | 13 20 33 47 28 46 | 21 49 19 47 45 28 | 1 47 | 11 8 2 34 | 45 | 43 | 13 21 31 42 50 3 44 | 8 12 40 47 | 11 25 39 7 | 2 21 | 35 7

24 21 23 46 18 3 14 | 1 37 44 28 50 | 19 32 39 36 | 39 27 20 22 17 46 29 | 11 21 18 37 35 5 | 12 20 50 16 | 19 47 42 46 2 4 9 | 19 38 | 13 45 28 44 40 | 31 44 40 | 2 47 6 41 | 10 21 17 47 31 2 44 | 3 37 40 7 29 | 32 5 48 35 43 | 47 | 11 25 39 27 19 28 9 | 11 3 6 | 25 48 | 26 20 16 47 45 49 6

27 40 | 7 | 1 11 3 27 37 | 25 38 28 21 41 | 1 | 41 | 47 27 5 35 34 | 46 1 30 43 | 11 41 | 29 36 40 50 | 26 23 47 16 34 1 9 | 16 12 27 37 6 | 7 | 44 23

11 | 46 18 2 20 | 11 13 50 48 | 27 26 38 16 | 40 | 1 27 5 49 | 46 37 22 49 | 6 | 24 27 20 21 18 9 8 | 49

35 | 12 43 | 23 16 | 26 28 | 47 40 | 33 31 42 4 22 | 33 | 39 31 38 21 | 47 29 | 47 12 40 38

11 14 48 33 41 5 21 | 12 19 35 46 2 33 | 2 30 28 50 23 | 11 18 21 10 | 35 | 10 48 | 3 29 | 30 37 50 2 5 7 | 39 49 16 | 36 7 | 31 | 49 | 9 33 39 36 24 | 11 12 14 44 34 7 | 13 22 47 28 35 1 | 48 17 47 31 42 2 | 9 31 15 7 | 37 18 20 14 7

13 14 17 42 28 3 9 | 14 | 11 39 27 31 35 5 | 26 19 43 46 7 6 9 | 25 16 31 50 43 2 29 | 18 39 17 35 49 | 31 22 48 41 | 35 | 45 | 8 37 50 35 4

9 46 29 35 | 25 5 37 17 49 | 11 12 4 34 | 39 16 46 42 41 3 | 12 | 18 45 42 1 7 6 | 9 49 | 38 23 35 2 5 8 | 13 | 9 5 34 | 3 38 50 17 49 | 30 42 23

11 9 29 17 47 | 33 31 40 34 | 43 23 | 11 24 40 25 | 25 45 40 5 4 8 | 18 | 25 36 22 | 32 3 | 1 29 | 8 42 4 49 | 16 38 13 30 | 26 12 20 22 46 47 15 | 30 14 | 46 19 | 25 28 | 6 | 33 43

4 3 37 43 14 | 25 38 12 21 30 | 46 28 42 4 8 | 46 30 | 49 | 33 29 16 | 8 50 | 27 38 31 49 2 12 | 27 20 49 33 44 6 | 8 30 37 18 34 | 11 47 43 40 36 5 7 | 10 44 28 21 40 | 33 13 | 11 18 27 | 18 10

3 16 | 32 26 34 | 25 13 15 14 19 18 40 | 25 26 42 18 | 25 39 15 28 37 13 29 | 49 | 12 19 42 30 28 29 | 24 13 15 21 45 35 | 24 25 21 18 37 14 | 28 | 1 18 38 | 12 38 44 50 34 | 11 10 28 35

11 13 32 45 42 37 | 25 14 47 29 41 1 6 | 24 25 26 10 42 29 | 20 35 | 46 25 44 40 23 | 45 14 | 27 19 44 42 3 9 | 9 13 45 | 39 31 14 | 46 26 20 | 2 49 | 20 4 6 | 1 36 4

6 | 33 19 38 4 43 | 28 6 | 24 16 33 36 35 6 | 33 43 | 42 | 33 18 46 47

8 27 43 41 | 10 27 20 32 35 5 | 28 4 | 14 28 45 37 43 18 8 | 2 21 | 20 16 47 30 28 18 8 | 38 22 23 50 12 5 4 | 18 | 32 13 37 35 7 | 8 43 36 18 25 | 16 33 32 30 1 4 | 47 50 | 18 30 50 | 6 | 14 37 28 50 41 5 | 25 14 29 | 13 15

12 40 17 49 | 10 27 16 47 30 9 8 | 42 37 36 41 | 50 | 47 | 10 44 45 28 36 50 4 | 39 | 36 23 | 18 20 | 33 30 50 16 | 14 16 33 50 43 21 | 25 37 | 10 13 4 | 38 17 44 42 40 7 | 1 3 | 24 18 10 | 18 26 2 8 6 | 14 49 47 28 36 4 32 | 24 11 5 4 20 | 35

46 47 40 22 6 | 24 25 18 35 1 3 9 | 20 48 32 30 1 2 5 | 14 23 19 28 40 33 | 38 28 31 42 37 9 | 26 38 | 50 47 18 40 16 | 24 33 16 | 32 30 41 48 49 | 19 42 37 41 | 7 34 | 9 27 | 30 42

21 | 1 5 20 28 | 27 12 30 | 24 21 45 5 9 14 | 1 10 7 8 | 46 4 | 17 41 | 47 48 23 | 33 47 14 48 21 | 15 14 23 42 7 8 | 9 24 | 1 18 15 4 8 | 25 39 4 49 | 46 | 13 12 20 23 47 36 43 | 11 25 38 14 50 8 | 11 13 27 | 26 | 12 33 47 31 1 6 8 | 16

2 | 12 19 29 40 34 4 6 | 47 29 36 | 25 27 21 18 28 43 5 | 20 33 47 35 6 8 | 33 2 3 27 30

46 1 26 50 48 | 39 21 16 46 31 33 | 9 32 50 48 25 | 24 25 49 32 31 16 41 | 10 39 20 32 31 1 | 46 32 | 32 37 1 4 6 9 | 24 33 3 22 16 | 50 35

13 27 15 28 29 4 7 | 39 16 48 41 | 38 15 21 33 18 5 6 | 27 12 17 10 | 24 48 23 46 16 36 | 8 44 27 20 21 | 47 | 12 33 32 45 36 18 | 39 38 | 9 40 | 11 12 14 34 7 8 | 38 15 44 41 1 4 8 | 27 | 19 10 30 | 24 25 15 47 5 4 | 19 24 45 22 | 24 25 13 30 37 3 | 14 | 15 25 37 50 7 | 24 28 43

47 42 25 48 49 | 26 36 7 29 | 11 24 5 19 | 10 13 12 37 4 | 18 38 | 39 17 | 1 22 49
