520 37 3 397 476 514

298 45 2 139 266

976 16 7 174 349 774 795 933 952 970

136 34 2 26 120

33 5 0

911 212 2 491 718

72 18 3 24 45 64

930 244 2 491 760

835 125 1 113

756 42 3 418 648 748

638 80 4 12 415 521 612

805 226 2 479 795

241 48 4 7 64 152 225

807 151 3 239 615 766

702 59 4 249 516 629 691

927 346 2 502 899

408 198 2 6 341

770 180 1 707

717 171 3 119 434 619

617 178 1 467

72 14 2 47 63

16 3 2 6 10

47 5 0

822 314 3 23 471 788

920 445 1 745

22 2 2 9 11

840 217 3 71 299 672

598 178 2 285 555

816 131 2 186 777

782 129 2 278 694
