-11 14 20 -6 -13 -83 -62 42 -93 -58 -68 -17 -60 73 -93 97 -21 -71 45 86

-31 -97 25 11 -92 96 100 -24 86 49 60 62 81 -69 -9 -99 -24 99 21 90

-16 -26 -81 -67 -46 51 -19 -93 -5 78 -73 -28 -11 -25 -96 30 -43 33 -81 -33

-48 -92 -53 -76 -19 82 -54 -32 -15 -89 71 68 -99 44 25 -92 -96 86 58 -44

89 16 -85 -1 24 -94 39 -79 -57 49 8 57 75 58 67 -20 1 -65 3 30

-73 19 86 -38 -7 13 -1 -11 -57 -65 -44 3 -44 -7 -50 -72 28 -59 20 -20

-82 -67 -78 -57 7 -55 -22 100 91 -67 52 -34 -31 -88 27 -52 -86 33 34 -29

3 -22 -65 -53 -56 -28 53 -64 87 -7 80 48 67 -85 -67 16 -82 20 -30 1

-41 29 -84 27 -87 -2 22 29 -27 32 92 -23 46 -72 -24 -47 -13 -85 -19 -56

-59 -81 -89 85 73 80 -91 84 -80 -86 57 16 -13 -99 -78 -35 -99 -69 44 -62

43 34 -28 52 38 -74 43 69 -78 -91 -62 -28 61 -11 -62 82 -58 -47 -30 -45

-88 -3 -83 33 -27 -38 -88 53 28 50 14 -10 -68 22 -27 -1 14 -9 100 -14

-78 -21 -91 -100 -24 -52 -23 10 -60 -14 58 87 -50 -55 9 18 50 -25 26 -39

-88 -79 47 91 -38 66 31 48 17 -98 47 -11 -92 79 -40 40 0 57 61 -23

-43 -30 39 -76 -15 74 -69 -79 88 -84 89 -50 86 97 71 -71 -62 -45 -14 -27

18 -65 68 -24 -72 -43 -46 18 72 67 34 -40 -18 -83 96 71 -74 46 -10 54

-13 13 -17 -32 78 37 43 94 -5 -41 -99 30 -95 30 11 51 18 -65 -48 -2

-91 -18 -37 -60 58 -45 49 67 73 -16 82 64 22 -4 -25 48 -32 -98 -38 -47

34 88 81 -4 -1 -66 -27 52 -65 -77 75 -83 13 64 -92 81 76 -78 -58 41

98 91 -49 -14 17 17 -6 90 30 46 77 -46 -83 83 10 38 -12 63 38 32
