-62,-40,26,91,0

61,-47,88,77,-79,-46,20,56,-17,-65,-12,76,14,-66,76,76

-8,-36,88,-79,-35,-58,35,-22,-94,-13,93

32,-17,-80,-80,23,-52,-67,3,75,98,-53,-53,65,60,-15,14,-92,-72,-50,-92

53,45,7,-5,80,-52,-65,22,64,-19,38,99

-12,81,24,-55,54,-30,-59,-89,-87,-46,-88,-26,-21,80,32,84

82,-34,-84,16,-2,89,-92,-78,-89,73,-12

12,31,-38,21

46,16,28,82,54,91

46,-1,82,15,39,41,22,-41,27,-49,-58,19,-7,29,-43,82,52

-38,-33,-28,-3,-64,-23,54,14,-51,55,71,-8,27,-47,67

1,-83,-40,-90,25,52,90,64,-53,-32,45,-21,69,-77,85,-96,90

-42,91,-72,68,70,-35,-43,44,33,38,-86,-20,5,15,15

13,-44,46,-24,78,-41,-62,82,-80,-86,64,-56,29,-59,-44,56,-10,14

-66,38,-47,-33,13,89,-60,80,-44,-22,-75,-38,24,-11,-86

73,91,81,89,-51,99,-55

-71,-32,-67,79,95,6,-9,-29,-57,-48,50,20,-15,29,-38,48,-79

-98,77,14,-2,-18,7,-2,50,-37

-15,-99,61,57,79,-77

-28,-73,90,-3,78,-24,61,19,47,-21,16,6,-28,39,44,-10
