14
678327652996327247779165248550766470831037490502555950658956568576707887540426543340885860756645125827972888077357233723647620612838774164351083221391085478586558455287774853825925814085355698767729652157
105451312200418509472233218252791250124300248070284575192001929323724066635389191391425662871
284484526373955560067962271665133793452975295675716023773740670481032760102233447011797524633246276985400276027863781199242944501007253103151185502258042102550812277032683917928
113928037680978527777140672732116305813154440303874734475431773320488593551486986201473617910150485189153870299086037
69283081864224717136290077681328518273399124385204820718966040597691435587278383112277161967532530675374170857404743017623467220361778016172106855838975759985190398725
24494765638867511151916549745777100298497746540040085841082376850207163750579175454139937240543282326005200455342074221839890907366049137503897
53193645363047428491370308446469609309956480560844941363428847958576455066558240319701707035338994711852685519455642703137273765731372642540796377854126340204575352673825498297174102574526190607037
769246427201094785080787978422393713094534885688979999504447628313150135520
205460506934777144254749660671083866289902602188682486228283101478168861446189384529348075272069946979257209217248912659154060672840
129049549878268233256883381302815012467835672190109552534355121389997818506160385
229001566577813580993328050559183134248927822782523037139288215248424756229348039797969362465723196754597099236973070811577459414041072655652887976
8801063578447437644962364569698707634360652047981718378070013667111
2425099125827785565352530979017842728315720351477448650144765807862542296838080812347151296511676978020230832740674
3012657015979781977998614671955615595575503271088526286912090083586765997651677082241988924535028532193715530937335691260536432447526773913318338
