2 23 51 49 4

32 5 44 13 46

17 10 47 42 9

26 36 40 19 2

45 37 32 21 47

2 52 18 46 35

37 8 41 46 10

0 34 26 33 27

40 30 27 36 2

0 38 8 10 11

14 7 12 0 21

50 21 29 46 12

23 0 50 16 15

1 45 33 44 30

12 30 26 13 2

6 29 26 34 43

0 36 11 40 7

18 30 1 12 29

7 37 22 47 9

33 40 10 27 29

39 15 52 16 38

50 24 22 19 42

36 18 50 44 39

39 30 27 51 4

38 16 13 6 27

32 8 22 25 39

43 22 30 42 32

29 24 18 11 12

33 26 8 35 28

36 10 25 22 40

47 34 24 27 42

30 45 46 18 34

3 32 14 47 12

43 40 26 39 37

13 40 50 28 7

34 33 25 23 42

31 2 3 7 17

27 8 46 36 29

1 35 38 5 12

6 39 8 5 22
