23
6719354 107814 5746224
6953135 386086 1304939
-5721210 6668081 5276502
7206005 9630357 -3265497
-9006366 -6088510 -7309988
1944097 124682 1166602
7734656 4969181 -455274
-4695046 -2124923 -1047866
5314443 1788902 -2027624
1010763 9569649 -2726599
7827522 6289004 7381214
3573746 3242139 -2232700
-5121315 7520928 -5564619
-9844812 4726934 -5934261
-3110310 5720568 -2022772
-420298 -2335335 8101910
-9253696 -4600679 3071092
291030 704274 -9053831
9243164 -3981282 2735071
-2784460 7029481 2304721
4488941 4857003 -1406274
1870155 -1569251 -8164135
9637455 3309434 9356793
