29
375622824 1930392013 194125387
104252967 1547465605 180483449
858693905 1064341675 387828509
332044415 1859420883 387902113
348588703 1158041209 306875467
353771508 1640435083 342686507
615901997 1240505367 241119733
689603333 1058207308 271617631
856783143 1839896116 186978251
960552788 1785099622 298876307
896976536 1934519067 273086441
913423768 1668474872 290084393
492387990 1079255425 169105319
609356874 1789907762 180483449
103917329 1635509151 224540663
588060279 1037192970 289907803
447407852 1201881230 306971051
230802946 1875565671 252604243
436198176 1169118354 193526833
590440437 1124233818 311275193
462039306 1600407226 319225891
297582191 1063345881 169013021
874414761 1667721404 298821241
442639406 1309047341 219453259
136919440 1548109897 210341983
792448049 1692631214 298743509
847329609 1016306104 224622859
737922180 1825382838 271156141
975389823 1275759948 150291173
