V 09:00:00 0102 15 0104 65 0108 15 0209 75 0303 15 0307 85 0308 40 0401 65 0403 30 0405 70 0501 70 0502 65 0503 85 0505 70 0510 50 0602 60 0603 20 0606 85 0608 75 0701 55 0802 30 0805 35 0810 75 0902 95 1002 5

U 09:00:30 0110 50 0201 40 0202 75 0203 25 0205 70 0210 95 0301 60 0307 70 0401 50 0402 20 0405 10 0407 50 0408 45 0503 60 0709 75 0710 40 0802 75 0905 70 0909 70 1003 85 1005 50 1006 55

Q 09:01:05 0103 75 0106 20 0202 55 0207 5 0302 20 0303 15 0307 65 0309 75 0401 60 0404 25 0405 35 0509 30 0603 65 0604 80 0707 5 0803 75 0908 65 0910 30 1001 65 1004 35

A 09:01:35 0107 60 0109 45 0110 75 0201 40 0203 20 0207 70 0210 95 0304 75 0403 95 0702 55 0703 80 0704 55 0803 15 0806 35 0808 60 0810 25 0904 55 0907 50 1003 50 1007 15 1009 95

G 09:01:45 0103 65 0104 5 0105 45 0209 40 0308 75 0309 55 0401 15 0410 65 0502 85 0603 60 0604 20 0606 65 0607 50 0701 50 0702 65 0803 10 0805 70 0902 70 0906 5 0907 35 0908 25

J 09:01:50 0102 15 0103 15 0107 70 0108 95 0206 60 0207 15 0308 90 0309 60 0403 70 0405 85 0407 40 0501 85 0505 75 0506 45 0508 15 0602 60 0708 25 0709 25 0808 40 0810 95 0907 60 0908 45 1001 45 1003 45 1005 60 1006 30

I 09:02:50 0102 85 0201 90 0205 75 0207 25 0208 5 0301 80 0306 50 0407 95 0410 60 0502 15 0508 50 0602 35 0701 25 0702 65 0710 50 0806 80 0809 95 0902 60 0906 85 1009 10

F 09:03:55 0107 10 0110 85 0206 35 0207 80 0209 70 0210 15 0303 85 0309 95 0310 60 0401 40 0402 95 0404 40 0406 75 0408 80 0503 40 0509 90 0510 95 0601 25 0602 25 0604 85 0608 80 0705 15 0803 5 0809 75 0903 20 0904 30 0910 95

Y 09:05:20 0110 80 0208 40 0210 5 0305 50 0306 80 0307 25 0403 5 0404 65 0409 35 0410 10 0503 80 0601 70 0610 30 0704 75 0707 5 0710 20 0804 90 0808 10 0905 65 0908 20 1005 5 1007 65

E 09:06:10 0102 70 0110 50 0208 80 0209 55 0404 65 0505 20 0508 5 0510 90 0602 15 0606 15 0607 65 0701 20 0705 80 0706 15 0708 5 0709 15 0807 25 0810 50 0903 25 0908 90 0909 5 1005 45 1007 15 1009 85

Z 09:07:05 0302 50 0304 50 0307 75 0402 80 0406 85 0408 40 0504 85 0507 65 0509 25 0602 50 0604 40 0610 85 0702 60 0704 5 0801 20 0802 85 0901 15 0904 70 0906 55 1003 20 1005 5 1007 45 1009 65

N 09:08:20 0102 15 0108 50 0202 5 0204 60 0307 75 0309 5 0402 25 0404 45 0408 50 0501 35 0506 85 0507 10 0508 95 0606 25 0610 10 0705 80 0710 20 0801 30 0802 40 0904 25 1004 55 1007 10 1010 5

T 09:09:15 0109 50 0205 30 0209 15 0210 40 0304 10 0305 15 0401 50 0405 70 0506 90 0509 40 0607 60 0701 65 0704 75 0708 35 0804 35 0805 50 0904 70 0905 25 1004 35 1005 85

X 09:10:00 0104 25 0106 55 0110 10 0207 80 0302 55 0309 30 0403 75 0502 60 0504 90 0507 60 0606 25 0607 60 0609 5 0706 65 0710 85 0805 95 0806 75 0808 80 0809 35 0905 30 0906 30 1010 85

M 09:10:45 0103 20 0109 70 0208 15 0305 20 0401 50 0403 50 0407 90 0503 20 0506 15 0509 10 0604 10 0607 25 0610 25 0701 55 0708 25 0710 10 0802 40 0806 85 0809 85 0904 10 1004 60 1009 25

S 09:11:00 0101 85 0103 40 0104 30 0201 50 0204 20 0304 5 0307 35 0405 70 0407 50 0502 15 0506 20 0603 45 0608 30 0609 60 0610 25 0702 50 0704 90 0804 75 0806 85 0810 50 0909 70 1007 35 1008 70

H 09:11:20 0102 60 0106 35 0108 5 0202 35 0204 45 0207 75 0208 35 0209 45 0210 10 0302 40 0304 90 0307 45 0403 85 0405 75 0410 95 0505 70 0506 70 0704 35 0706 75 0809 20 0902 60 0904 35 1004 55

O 09:12:35 0105 5 0107 85 0207 35 0301 10 0305 35 0402 45 0406 30 0410 25 0606 70 0607 70 0608 95 0609 65 0703 65 0708 40 0709 90 0801 25 0805 30 0901 50 0904 40 0905 45 0908 90 1002 90 1003 15 1007 40 1009 70

W 09:13:10 0102 35 0106 60 0303 15 0305 70 0307 95 0405 25 0505 30 0507 60 0508 10 0604 70 0701 65 0709 40 0804 55 0806 50 0905 55 0906 15 0907 50 1005 50 1006 75 1007 75 1008 80 1009 25

P 09:14:05 0103 90 0105 5 0207 20 0208 35 0209 30 0302 35 0310 85 0402 5 0404 60 0407 95 0409 65 0506 30 0509 45 0510 80 0610 5 0703 80 0706 35 0802 90 0805 55 0904 75 0906 45 1006 25

B 09:14:55 0103 70 0106 20 0107 15 0108 40 0202 35 0203 15 0204 15 0301 85 0308 35 0310 90 0403 55 0406 85 0410 40 0505 60 0508 15 0510 50 0602 45 0604 55 0606 30 0701 90 0706 20 0707 45 0708 5 0902 15 0904 65 0905 70 0906 70 1010 5

R 09:15:35 0202 60 0203 55 0304 70 0306 70 0307 45 0309 35 0401 35 0402 20 0405 25 0507 15 0601 85 0602 85 0606 85 0702 90 0703 75 0704 40 0709 30 0804 20 0909 85 0910 85 1006 5 1010 35

L 09:16:30 0109 75 0201 40 0208 35 0301 50 0302 50 0305 65 0307 85 0403 95 0404 75 0407 50 0501 30 0505 45 0506 65 0509 40 0510 40 0605 25 0702 70 0705 15 0707 10 0708 10 0906 55 1003 5 1010 50

C 09:17:20 0202 55 0205 80 0206 85 0207 35 0209 60 0305 35 0307 15 0401 80 0406 30 0503 20 0509 5 0702 70 0705 80 0707 20 0709 15 0710 45 0802 85 0807 85 0809 95 0906 85 0910 80

D 09:18:15 0101 35 0102 80 0108 90 0109 75 0204 45 0209 20 0305 40 0402 60 0403 60 0405 5 0408 70 0504 70 0505 15 0508 85 0607 15 0608 5 0609 60 0704 25 0709 30 0801 75 0809 25 0902 80 1002 20 1004 5 1005 60

K 09:19:35 0104 50 0105 60 0108 60 0202 5 0203 35 0204 10 0303 45 0308 90 0309 95 0310 50 0401 50 0406 60 0410 40 0503 85 0506 60 0509 35 0603 90 0802 40 0803 60 0804 55 0902 30 0904 90 0906 10 1001 90 1004 20 1006 40 1008 40
