3 1 2
5 4 3 2 1
87 39 9 49 18 30 50 29 76 65 66 67 82 69 92 94 85
10 12 20 33 30 42 43 77 63 70 91 8 93 69 97 78
13 58 46 44 45 68 88 89 72 66 9 96
5 4 3 2 1
11 59 48 17 29 40 20 62 2 64 4 71 90 73
62 66 67 68 83 84 25 43 40 41 2 77 76 72 91 93 96 11 14 55 32 57 30 51 36 53 19
62 89 64 66 83 34 42 5 6 9 77 71 90 100 95 94 39 15 14 57 35 52
15 16 55 18 31 51 36 76 71 86
77 20 32 31 42 41 1 98 80 81
61 62 64 66 87 85 26 21 47 42 41 3 7 8 99 70 93 95 97 78 58 19 31 37 50 52
24 91 13 56 17 67 45 42 98 62 38 64 66 8 68 90 12 86 97 96
24 10 13 64 17 44 42 29 52 1 74 89 65 83 80 94 84 85
11 39 45 22 31 67 50 36 99 74 64 65 7 6 82 69 100 81 80
26 21 22 56 37 43 9 64 48 68
43 60 61 88 89 65 68 86 44 45 29 2 9 99 72 100 79 11 10 13 14 54 57 52
28 64 67 83 46 42 3 5 4 7 9 8 72 71 91 90 100 69 94 78 13 16 32 51
10 26 20 33 31 41 89 65 70 63 94 78
25 12 58 14 10 83 51 29 52 5 84 7 6 82 8 72 95 90 85
52 13 38 20 58 98 47 57 30 43 40 41 61 3 2 81 35 67 68 92 84
27 48 22 55 31 41 74 92 79 96
20 48 16 19 47 56 46 2 67 82 92 54 79
14 22 31 51 5 4 8 80 92 84
39 20 14 49 54 31 56 37 50 88 8 69 9 59 93 86 23
10 32 57 45 28 60 1 99 90 51
10 12 15 16 47 6 40 65 71 67 91 83 80
88 64 82 69 80 85 24 27 48 47 3 2 6 9 99 72 90 92 95 96 11 10 12 59 32 31 50 35
60 19 23 46 18 31 43 40 99 91 3 66 32 82 90 79 96
60 45 9 14 46 18 6 29 58 99 76 75 63 73 7 47 91 95 86 85
24 27 21 17 32 31 73 66 67 9 83 80 95 97
13 21 48 55 36 35 1 61 3 73 71 91 92
68 63 65 82 69 22 23 47 42 43 40 1 7 8 76 71 91 59 79 15 19 32 31 51 52
60 89 65 68 69 80 84 20 22 46 44 9 77 73 71 93 97 96 11 39 18 31 50 34
36 88 89 81 85 26 20 48 28 29 41 9 76 75 70 78 12 59 58 54 31 50 35
11 10 13 12 48 46 32 6 30 45 82 62 4 70 9 83 92
10 13 27 20 14 22 23 54 31 56 88 98 75 38 6 59 93 87 79 21
11 13 9 66 48 49 27 57 50 43 76 74 72 94 46 68 83 52 44 79 96
37 60 62 63 66 67 24 25 21 46 42 1 4 9 71 15 95 38 59 55 54 51 36 89
61 66 67 100 24 27 20 21 48 44 7 14 78 99 75 74 90 93 97 96 11 58 19 31
24 26 38 59 17 49 55 23 30 42 35 52 68 3 4 82 80 41 65
24 10 27 15 48 22 42 30 51 45 53 34 28 82 93 29 14
