1 2 | 2 3 | 3 8 | 8 13 | 13 12 | 12 11 | 11 6 | 6 1 | 2 7 | 6 7 | 7 8 | 7 12

9 14 | 19 20 | 18 17 | 10 5 | 6 1 | 8 13 | 12 11 | 18 19 | 15 14 | 25 20 | 11 12 | 14 19 | 12 7 | 14 13 | 17 12 | 17 18

1 2 | 6 7 | 7 2 | 1 6 | 2 3 | 7 8 | 3 8

3 4 | 16 11 | 9 10 | 12 7 | 8 7 | 8 13 | 9 8 | 3 2 | 19 24 | 17 18 | 22 23 | 15 14 | 15 20 | 8 9 | 13 14

23 24 | 14 13 | 18 13 | 1 2 | 9 8 | 6 11 | 3 4 | 8 7 | 8 13 | 15 10 | 11 6 | 19 20 | 24 23 | 12 13

13 12 | 3 8 | 7 12 | 9 14 | 6 11 | 20 19 | 14 13 | 8 13 | 22 17 | 16 11 | 10 9 | 17 12 | 15 14 | 5 10 | 17 16 | 20 25 | 16 17

1 2 | 2 3 | 3 8 | 8 13 | 13 12 | 12 11 | 11 6 | 6 1 | 2 7 | 6 7 | 7 8 | 7 12 | 3 4 | 4 5 | 5 10 | 4 9 | 8 9 | 9 10 | 10 15 | 9 14 | 13 14 | 14 15 | 16 17 | 11 16 | 12 17 | 17 18 | 13 18 | 18 19 | 14 19 | 15 20 | 19 20

22 17 | 3 2 | 6 11 | 17 16 | 8 9 | 1 6 | 5 10 | 16 17 | 21 16 | 2 3 | 24 19 | 7 2 | 4 9 | 11 16

24 23 | 17 22 | 1 6 | 12 11 | 2 1 | 16 17 | 25 20 | 7 2 | 10 5 | 13 14 | 24 19 | 24 25 | 22 17 | 8 9 | 18 13 | 15 14 | 20 15 | 23 22 | 14 15 | 13 12 | 13 8 | 12 13

1 6 | 19 18 | 17 16 | 13 14 | 11 16 | 4 3 | 2 7 | 23 18 | 18 17 | 5 10 | 9 4 | 19 24 | 8 3 | 7 8 | 22 17

22 21 | 5 4 | 12 13 | 3 4 | 12 7 | 11 12 | 3 8 | 24 19 | 16 11 | 18 19 | 23 22 | 23 24 | 11 16 | 24 25 | 6 7 | 20 25 | 19 20 | 6 1 | 6 11

2 3 | 12 11 | 9 10 | 14 19 | 3 2 | 2 7 | 9 4 | 8 13 | 18 13 | 3 4 | 15 10 | 24 19 | 14 9 | 20 15

19 18 | 18 19 | 10 5 | 20 15 | 8 7 | 9 10 | 16 17 | 22 23 | 22 21 | 18 17 | 8 3 | 16 21 | 9 4 | 4 3 | 19 20 | 3 4 | 2 1 | 8 13 | 1 6 | 19 24

7 8 | 8 13 | 12 13 | 12 7

13 8 | 2 3 | 7 12 | 6 7 | 14 15 | 15 14 | 23 24 | 16 21 | 9 14 | 14 19 | 9 10 | 10 5

16 17 | 15 20 | 21 22 | 4 5 | 5 10 | 18 23 | 12 7 | 2 7 | 14 13 | 19 18 | 22 23 | 19 24 | 13 12 | 6 7 | 19 14 | 23 18 | 20 25 | 21 16 | 19 20 | 13 18 | 18 13

17 18 | 12 13 | 19 18 | 4 9 | 3 2 | 23 18 | 10 5 | 1 2 | 3 4 | 6 7 | 6 1 | 2 1 | 24 25 | 13 8 | 19 24 | 14 15 | 21 22

14 15 | 13 8 | 14 9 | 2 1 | 25 20 | 6 11 | 19 24 | 17 22 | 18 19 | 9 4

23 22 | 18 17 | 2 7 | 1 2 | 14 15 | 4 5 | 19 14 | 3 4 | 18 19 | 9 10 | 9 14 | 24 23

17 18 | 17 12 | 11 6 | 24 23 | 19 24 | 18 23 | 7 6 | 20 19 | 7 8 | 19 20 | 22 23 | 11 16 | 2 3 | 23 22 | 4 5 | 8 9 | 3 2 | 21 22 | 13 14 | 13 12 | 4 9

1 2 | 23 24 | 2 7 | 11 16 | 7 2 | 17 18 | 5 10 | 14 9 | 3 2 | 20 15 | 15 14 | 24 23 | 3 8 | 19 24 | 15 20 | 1 6 | 12 11 | 22 21 | 10 5 | 12 7 | 6 7

17 12 | 13 18 | 3 8 | 22 21 | 25 24 | 15 20 | 2 7 | 20 19 | 15 10 | 14 19 | 10 9 | 3 2 | 1 6 | 14 15 | 19 14 | 16 17

1 2 | 2 3 | 3 8 | 8 13 | 13 12 | 12 11 | 11 6 | 6 1 | 2 7 | 6 7 | 7 8 | 7 12 | 3 4 | 4 5 | 5 10 | 4 9 | 8 9 | 9 10 | 10 15 | 9 14 | 13 14 | 14 15 | 16 17 | 11 16 | 12 17 | 17 18 | 13 18 | 18 19 | 14 19 | 15 20 | 19 20 | 16 21 | 21 22 | 17 22 | 22 23 | 18 23 | 19 24 | 23 24 | 20 25 | 24 25

21 16 | 14 15 | 12 7 | 1 6 | 10 5 | 3 4 | 8 9 | 6 7 | 24 19 | 7 6 | 14 13 | 7 8 | 13 8 | 10 15

20 19 | 9 14 | 22 23 | 13 14 | 20 25 | 6 7 | 17 12 | 11 6 | 24 19 | 19 20 | 14 19 | 12 11 | 19 18 | 8 13 | 13 18 | 11 12 | 21 16 | 21 22

6 11 | 21 16 | 14 19 | 4 3 | 19 14 | 9 14 | 24 23 | 12 17 | 5 10 | 16 17 | 23 24 | 25 24 | 22 23 | 10 15 | 19 20 | 5 4

24 23 | 10 5 | 16 17 | 20 19 | 5 10 | 3 2 | 17 12 | 12 11 | 7 8 | 13 14 | 13 18 | 13 8 | 2 3 | 7 2 | 14 15 | 23 22 | 22 21 | 19 18 | 22 17 | 12 7 | 20 15

25 24 | 1 6 | 7 6 | 12 7 | 9 4 | 24 23 | 19 24 | 4 9 | 13 8 | 19 20 | 14 15 | 3 2 | 20 19

12 7 | 5 4 | 1 6 | 1 2 | 24 23 | 11 16 | 18 13 | 3 2 | 21 22 | 17 16 | 14 19 | 23 22 | 8 7 | 10 15 | 16 17 | 10 5 | 20 25 | 13 8 | 6 11 | 11 6 | 15 14

18 17 | 2 3 | 7 8 | 7 12 | 1 2 | 7 2 | 14 13 | 22 17 | 25 20 | 8 13 | 17 12 | 10 5 | 13 12 | 14 9 | 17 18 | 12 13 | 22 23 | 20 25 | 15 20 | 17 16

17 12 | 5 4 | 16 21 | 22 17 | 14 15 | 25 20 | 12 7 | 18 13 | 19 18 | 23 22 | 17 18 | 21 16 | 6 1 | 15 20 | 1 2 | 18 17 | 4 9

19 20 | 23 24 | 6 7 | 7 2 | 14 19 | 3 2 | 13 8 | 9 14 | 24 25 | 18 17 | 23 18 | 20 25 | 17 18 | 11 6 | 14 9 | 8 3 | 8 9 | 1 6 | 21 16

18 13 | 10 5 | 8 13 | 20 15 | 13 18 | 12 17 | 14 19 | 19 14 | 24 25 | 1 2 | 19 24 | 22 21 | 7 6 | 25 20

20 19 | 24 25 | 11 16 | 13 18 | 4 5 | 19 24 | 8 9 | 9 4 | 17 18 | 12 13 | 6 1 | 6 11 | 7 6 | 18 13 | 5 10 | 7 2 | 13 12

13 14 | 2 3 | 14 13 | 19 18 | 10 15 | 18 17 | 6 7 | 17 18 | 17 22 | 25 20 | 8 13 | 11 6 | 13 18 | 15 10 | 20 15 | 11 16 | 16 17 | 1 2 | 25 24

7 6 | 13 18 | 5 10 | 5 4 | 18 17 | 12 17 | 11 16 | 1 6 | 18 23 | 8 3 | 25 24 | 19 20 | 14 13 | 16 11 | 9 10

1 2 | 2 3 | 3 8 | 8 13 | 13 12 | 12 11 | 11 6 | 6 1 | 2 7 | 6 7 | 7 8 | 7 12 | 3 4 | 4 5 | 5 10 | 4 9 | 8 9 | 9 10 | 10 15 | 9 14 | 13 14 | 14 15

4 9 | 6 1 | 11 6 | 8 3 | 10 5 | 7 6 | 19 18 | 23 24 | 10 15 | 20 15 | 17 16 | 1 6 | 25 24 | 18 23 | 7 12 | 19 24 | 12 13 | 19 20 | 15 20 | 16 11 | 23 22 | 10 9 | 8 9 | 25 20 | 13 12

1 2 | 2 3 | 3 8 | 8 13 | 13 12 | 12 11 | 11 6 | 6 1 | 2 7 | 6 7 | 7 8 | 7 12 | 3 4 | 4 5 | 5 10 | 4 9 | 8 9 | 9 10 | 10 15 | 9 14 | 13 14

24 19 | 12 13 | 23 22 | 13 18 | 8 13 | 1 2 | 11 6 | 15 20 | 20 15 | 11 12
