68 457 -44 -139 619 772 -770 911 785 719 -242 -688 -95 -998 -156 -502 89 953 358 440 573 284 -629 96 444 -47 319 90 528 771 735 102 152 -28 -291 -606 -505 -314 800 11 461 -416 299 10 -471 724 642 -125 -282 -759 639 -543 -713 899 -371 -894 128 31 -669 -417 -537 301 -777 862 -530 952 773 -962 -710

123 675 -477 422 71 410 300 220 584 251 637 381 -800 761 553 -412 290 884 545 259 -516 416 -40 884 591 -744 -808 -452 -731 608 961 -817 -265 271 283 437 -302 883 452 465 -851 382 246 945 -154 528 95 581 327 -368 -456 970 -431 815 -800 80 644 -830 703 960 -506 -87 651 -520 -743 670 -869 513 -640 802 825 891 286 -160 521 -486 530 -949 807 -681 -436 330 -910 286 -841 632 -15 -238 -788 -779 940 -56 88 49 -11 15 -489 360 539 -986 -416 389 500 885 231 354 -50 116 -274 956 997 153 251 -789 432 -654 807 852 -653 288 573 -172 273 466

77 460 459 461 458 454 449 443 436 428 419 409 420 432 445 431 416 400 383 365 346 326 347 325 302 278 253 227 200 172 143 113 144 112 79 45 80 44 7 -31 8 -32 9 -33 10 -34 -79 -33 -80 -32 -81 -31 20 -32 -85 -139 -194 -250 -193 -251 -310 -370 -309 -371 -308 -372 -307 -241 -174 -242 -311 -241 -312 -240 -167 -93 -168 -92

11 -561 112 998 632 -139 926 -732 169 -798 535 -969

56 -20 -21 -19 -16 -20 -15 -21 -14 -22 -31 -41 -30 -42 -29 -15 -30 -46 -63 -45 -26 -6 15 37 60 84 59 85 112 84 113 83 114 146 179 213 178 214 177 215 254 294 335 377 334 290 335 289 242 194 243 193 142 90 143 197 142

81 691 154 71 -320 -896 -346 123 -894 -86 -622 -316 -451 398 623 221 165 -848 895 531 766 604 668 -948 30 635 350 0 -230 -748 823 -248 -395 -95 919 -928 794 -691 820 -838 811 -20 150 478 413 -482 767 -946 -151 -584 -959 44 246 781 953 -665 -569 219 4 320 257 -609 476 -479 888 -495 -701 126 -698 316 454 -622 866 440 -329 -520 105 -544 -353 -74 711 -298

15 492 493 491 488 484 489 483 476 484 475 485 474 462 475 461

136 306 307 305 302 306 301 295 302 294 285 275 264 276 289 275 260 244 261 243 262 242 221 243 266 242 267 293 266 238 267 297 266 298 265 299 264 300 263 301 262 302 261 303 260 216 261 307 260 308 259 309 258 310 363 417 362 306 249 191 132 192 253 191 254 190 255 321 388 320 251 181 110 38 111 185 110 186 263 185 106 186 267 349 266 182 267 181 94 182 271 361 452 544 637 731 826 922 825 727 826 726 625 523 626 522 417 523 630 738 629 519 630 742 629 515 400 284 401 283 164 284 405 283 406 530 655 529 656 528 657 787 918 786 919 785 920

75 322 -150 166 -951 476 87 -16 -557 -562 349 264 872 -816 -142 -87 427 356 621 593 -871 -113 -621 -347 -871 -262 -919 -59 -687 572 -678 433 -625 27 491 790 -606 342 110 649 160 904 -247 941 13 292 110 588 747 204 -737 150 726 -832 -207 941 -644 -399 58 -575 -887 513 4 543 -419 -562 -9 819 -183 451 487 -668 817 -461 -714 -965

26 -174 -175 -173 -176 -180 -175 -181 -174 -166 -157 -167 -178 -166 -153 -139 -124 -140 -123 -105 -86 -106 -127 -105 -128 -104 -129

16 -101 -102 -104 -107 -103 -108 -102 -95 -87 -78 -88 -77 -65 -52 -66 -81

84 8 -703 342 -958 888 -840 -56 367 -643 285 536 -413 -348 -519 -759 -448 253 -859 -411 607 36 -234 -153 -467 -617 -301 -489 -608 842 952 680 -955 -361 -438 995 904 -212 116 -653 -275 813 173 172 158 222 315 847 471 -850 -638 -369 729 978 -361 261 -198 -491 413 -796 -200 -45 -42 -254 -917 -100 596 -625 -613 956 -144 561 986 -610 -805 265 116 -157 912 935 210 639 504 800 -196

143 343 344 346 343 339 344 350 343 335 344 334 323 335 348 362 377 361 378 360 379 359 338 360 383 407 432 406 379 407 378 408 377 409 376 410 445 409 446 484 523 483 524 566 523 479 434 480 433 385 434 384 435 487 434 380 325 269 212 270 329 269 208 146 209 145 80 146 213 145 214 144 73 1 74 148 223 147 70 148 227 307 388 306 223 307 392 478 565 477 566 476 385 293 386 292 387 483 386 484 385 285 386 284 181 285 180 286 179 71 180 290 401 289 176 290 405 521 638 756 637 757 636 514 391 267 392 266 139 11 -118 12 143 275 408 274 409 545 408 546 407 267 126 -16

113 593 -382 -350 -217 523 -804 -18 383 -153 -898 -503 -6 -670 846 -851 215 -680 -127 -928 976 -486 -85 346 884 839 -452 -752 -1000 -414 242 340 -817 789 -908 -679 -226 749 819 281 -145 -497 -238 67 -453 -33 -397 -801 -55 69 932 923 -746 983 -546 895 4 859 -863 -754 749 -475 -498 -812 67 -336 -203 10 501 397 -254 515 338 272 -778 582 -628 69 133 -985 969 357 -609 309 125 598 -35 837 289 810 -385 -187 -460 -987 655 984 -563 -159 664 35 -633 -526 193 957 -616 -747 187 247 783 -331 195 496 -337 47

90 373 372 374 371 367 372 366 359 351 342 332 321 309 322 308 323 307 324 306 325 305 326 304 281 305 280 254 227 199 228 258 227 195 162 196 161 197 234 196 235 195 236 194 151 107 62 108 61 13 -36 14 65 117 64 118 173 117 60 118 59 -1 -62 0 63 -1 -66 -132 -199 -131 -62 -132 -61 -133 -60 14 -61 15 92 14 93 13 -68 14 97 13 -72 14 101 13 -76

103 590 -525 -125 -596 -99 432 -546 -770 977 748 386 757 410 -888 -123 -991 563 723 -652 951 657 -793 -74 -869 969 5 237 927 -583 -521 729 917 305 529 288 547 -7 228 -914 -120 390 410 641 -728 -328 277 5 131 -931 90 378 349 837 -776 -793 739 114 -461 -841 416 122 470 725 -957 463 -906 411 -381 65 362 -315 -417 -719 228 -655 387 241 353 502 768 -793 668 554 775 44 -642 1 -323 -293 -128 -702 -360 63 -230 -890 -966 -583 339 681 778 621 439 -242

76 663 570 589 -968 -846 -448 -754 968 -58 -364 -243 -241 803 162 76 483 659 -519 634 997 -420 -901 284 -673 340 -988 690 -751 -531 -870 -828 725 -970 -373 61 -349 -489 -898 -936 -688 -275 596 -791 329 -947 -230 -803 263 -860 816 -912 830 -559 26 988 -730 645 -962 -864 43 139 -922 -515 593 -176 -777 567 100 -261 -378 -677 273 -943 129 922 -965

12 991 -222 -817 -236 -76 126 -141 -56 -875 -688 859 -1

51 -237 -236 -238 -235 -239 -234 -240 -247 -255 -246 -236 -247 -259 -272 -286 -271 -287 -270 -288 -269 -249 -270 -248 -225 -249 -274 -300 -273 -301 -330 -360 -391 -423 -456 -422 -387 -423 -386 -348 -387 -427 -386 -428 -471 -515 -560 -514 -561 -513 -464 -514

56 -76 -75 -73 -76 -80 -85 -79 -86 -78 -87 -97 -86 -74 -61 -75 -60 -76 -93 -111 -92 -112 -91 -69 -46 -22 -47 -21 6 34 63 33 64 96 63 29 -6 -42 -79 -117 -156 -116 -75 -33 -76 -32 13 59 106 58 107 57 6 -46 7 -47 -102

9 8 9 7 10 6 13 17 24 32

86 -885 -225 24 -747 334 872 490 -218 720 -21 -207 796 -20 80 -288 567 158 -950 -363 -592 105 -72 -354 579 -951 -406 265 261 -923 453 -471 438 301 -837 -291 -760 -761 -693 480 874 722 132 -260 -670 -508 -732 -888 702 -441 978 317 903 -904 -648 -8 318 596 182 -443 904 711 732 283 -444 -224 41 -31 637 -366 -563 -472 385 819 150 -573 -651 96 -934 145 -156 -989 -677 503 -872 -827 -772

71 168 167 169 172 168 173 179 186 178 187 197 208 220 207 193 178 162 145 127 146 166 187 165 188 164 189 215 188 216 187 217 186 154 121 155 120 84 121 159 120 80 121 163 120 164 209 255 302 350 399 449 398 450 397 343 398 342 285 343 402 462 523 461 398 462 527 593 660 592 661 591

28 7 6 4 7 3 -2 -8 -1 7 16 6 17 29 16 30 45 29 12 30 11 31 10 32 55 79 54 28 1

29 -281 -662 277 -789 -62 -601 445 -561 -761 -147 -775 278 83 978 208 357 -821 68 52 23 -209 -562 718 -761 -650 694 -900 -218 -555

65 161 160 162 159 155 160 154 147 139 130 140 151 163 150 164 149 165 182 200 181 161 182 160 137 161 186 160 133 161 132 102 71 39 6 -28 -63 -27 -64 -102 -141 -181 -222 -264 -221 -265 -310 -356 -403 -355 -404 -354 -405 -457 -510 -564 -619 -563 -506 -448 -507 -567 -628 -566 -629 -693

3 7 7 8

149 584 -657 -607 -681 -961 -462 498 -982 671 744 567 10 -901 151 755 -292 -425 -254 271 998 733 613 -896 -640 707 256 406 495 860 -177 695 -358 -437 -711 808 -321 -185 -104 189 -678 -347 -549 -548 -298 694 424 286 669 -893 346 273 914 758 761 464 944 749 730 627 -283 229 95 -344 143 187 986 -253 -971 981 308 754 351 -469 459 20 -541 652 -306 -175 87 -337 -292 -834 598 225 -978 569 125 -523 127 448 435 -588 336 -769 -363 528 -786 740 -881 -468 -800 547 817 38 587 -933 219 -385 955 -667 552 -336 -786 -915 31 -742 -951 67 -571 -582 -919 -983 79 841 -722 -642 -324 -405 -430 -994 -724 26 172 -542 -599 -386 -895 -153 46 -688 -475 438 -493 -430 -836 105 -240 744

148 283 282 284 287 283 278 284 291 299 290 300 311 323 310 296 311 327 344 362 381 401 380 358 335 359 334 308 281 309 338 368 399 431 398 364 329 365 402 440 479 439 480 522 479 523 478 432 385 433 384 434 383 331 384 438 493 549 492 434 375 435 496 434 497 433 368 302 235 303 372 442 371 299 226 300 225 149 226 148 227 147 66 -16 -99 -15 70 -16 -103 -15 74 -16 -107 -199 -106 -12 83 179 276 374 275 175 74 176 279 175 70 -36 71 -37 72 -38 73 -39 74 188 73 189 306 188 307 187 308 430 553 677 802 928 801 673 544 674 805 673 806 940 805 941 804 942 803 663 522 664 807 951 806 660 807

21 308 307 309 306 302 307 301 294 286 277 267 278 266 279 265 280 264 281 299 280 260

104 -365 -366 -364 -361 -357 -352 -358 -351 -343 -334 -344 -333 -321 -308 -294 -279 -263 -246 -228 -209 -189 -210 -232 -255 -279 -304 -330 -357 -329 -358 -328 -297 -329 -296 -262 -297 -261 -298 -336 -375 -415 -456 -414 -371 -415 -460 -414 -367 -415 -464 -414 -363 -415 -362 -416 -471 -415 -472 -530 -471 -411 -472 -534 -597 -661 -596 -662 -729 -661 -592 -522 -451 -523 -596 -522 -447 -523 -446 -368 -289 -369 -450 -368 -451 -367 -452 -366 -279 -191 -102 -12 -103 -11 -104 -198 -293 -197 -100 -2 97 -3 -104 -2 101

112 700 -861 -1 619 848 107 919 -842 9 -771 -404 -112 209 -455 985 928 -178 -710 -175 694 -842 -168 -164 -334 203 -247 -943 363 171 224 -785 -875 45 -94 -369 -779 898 -900 -218 -141 302 558 127 -579 -810 -256 -2 841 -16 514 -305 -688 -919 -413 -571 -588 440 -981 -473 857 -554 638 551 8 -327 367 525 337 -97 -328 -402 -102 -59 -21 -533 -355 -36 -687 74 284 94 -38 -538 124 -890 669 -721 76 442 -788 814 56 845 600 418 -234 -671 -793 -552 976 -273 -204 -454 -676 -413 834 -247 -937 -985 118 543 475

57 485 299 801 687 -521 -330 444 481 -399 900 959 -644 -623 543 90 -111 -36 210 -491 -60 549 -480 -470 703 186 961 -203 -138 -523 -412 -876 894 -104 -128 -479 -698 944 976 45 387 -765 175 944 268 811 -609 -688 -785 -635 23 687 400 -748 -628 368 -718 -987

9 8 9 7 10 6 12 17 24 38

139 -778 -952 395 -432 85 -342 213 -207 -67 -930 -439 -565 -918 -873 -276 -134 102 -964 587 763 623 -311 260 831 -373 -215 -832 -891 763 -333 345 -933 -277 731 440 -429 953 555 305 447 -963 -433 -281 727 -990 -665 -706 674 493 -226 -628 491 744 -424 -295 836 291 337 983 -711 715 773 -442 -81 -442 -227 -505 379 148 -384 -858 519 -420 989 -21 279 130 -134 -798 -607 642 321 -394 -932 -275 510 486 501 -429 -761 -582 -429 538 -731 194 622 791 -732 -774 528 -183 742 -445 -282 114 -66 747 140 -606 -144 404 8 799 509 -670 731 811 -667 -592 -359 -908 278 -963 307 -109 38 -215 402 -250 875 696 710 820 245 861 775 978 -95 45

138 -283 10 -480 -532 134 -341 -175 57 -448 -746 -335 -132 -683 96 465 -704 -254 -290 -847 -674 278 702 -380 -566 968 904 126 -422 -432 240 -28 18 -637 993 315 982 494 673 431 -329 -19 420 558 -728 -83 836 875 -203 -240 113 417 -204 -330 -124 444 240 -279 112 -118 155 574 786 134 983 -419 -961 -163 381 887 560 547 -470 -693 524 -9 468 469 674 -631 -142 164 -796 -478 -582 -8 684 130 -374 121 129 -184 271 830 -196 -488 -942 -988 -578 948 637 -733 698 905 348 437 -436 609 842 292 -856 946 -751 440 912 627 808 308 -281 999 462 110 677 729 -568 -835 -75 819 545 -556 565 397 221 -199 478 846 -292 853 -12

112 -106 -107 -105 -108 -104 -109 -103 -110 -118 -109 -119 -108 -120 -133 -119 -134 -150 -167 -149 -168 -188 -167 -189 -166 -190 -215 -189 -216 -188 -217 -187 -218 -250 -217 -183 -148 -184 -221 -259 -298 -338 -379 -421 -378 -422 -467 -513 -560 -608 -657 -707 -656 -708 -655 -601 -656 -712 -655 -597 -656 -716 -655 -717 -654 -718 -783 -849 -782 -714 -645 -575 -504 -576 -503 -577 -652 -576 -653 -731 -810 -890 -971 -889 -806 -722 -807 -721 -808 -720 -631 -721 -812 -904 -811 -905 -810 -714 -811 -713 -812 -912 -811 -913 -810 -706 -601 -707 -600 -492 -383 -493 -604

9 -507 -350 -304 -935 -21 328 -664 47 522

135 -680 -388 -12 607 792 962 -307 -376 236 -432 27 -821 11 459 -732 -254 890 633 764 390 -226 585 -842 -996 270 -278 61 -862 586 260 928 47 207 -7 -853 662 738 36 379 -47 14 -964 573 77 -386 -174 -151 911 -838 -909 182 118 -706 838 572 -238 495 406 -832 162 -222 475 -140 -821 -98 410 -946 302 -230 -720 -937 34 710 563 189 345 -715 -844 -79 -723 790 143 123 119 -289 -113 -613 295 73 293 469 -265 58 -156 -71 20 603 -396 -199 48 335 431 -177 699 -837 -265 -362 -154 -904 337 490 237 478 -859 535 913 124 -472 -619 170 680 576 808 678 258 876 -100 -401 -431 249 -640 757 774 497 -913

121 -100 -399 537 -891 450 46 399 -460 40 -830 -300 -590 209 -727 -388 -477 -155 -723 442 69 793 -803 -578 921 -929 -933 322 -262 333 410 212 -478 -171 0 862 -327 199 -29 -31 -78 -616 441 944 -434 -827 -520 -69 -955 302 189 252 10 918 -87 395 573 345 654 360 369 739 820 733 -834 -689 -359 -396 -925 -622 863 615 684 -456 -355 526 -945 639 -435 945 339 933 802 453 181 636 765 -339 -300 -839 247 121 507 -48 571 -725 886 269 102 651 281 412 49 -655 313 281 -85 -425 -939 871 -41 -960 -926 480 -928 -89 822 919 -29 9 -569 -729
