3209,1946 8601,7583 3199,5215

3650,4203 2283,3174 5019,4330 3430,7195 8611,9315 5205,8275 9152,8055 8083,4181 2682,9621 786,3611 7679,6735 6846,3181 2729,489 8056,8818 2658,4729 5619,7722 1968,646 6895,5154 7350,3738 4643,964 2331,3003 9666,3487 3163,4022 3099,1543 5017,2283 892,961 8433,4986 8495,400 2086,6744 4716,9643 4430,1025 4644,7346 2600,7685 9442,9717 4457,8705 38,5427 1725,5664 8654,1920 9750,1385 8274,6953 6575,6894 2557,3476 9395,9839 2611,5996

4442,8364 8281,7251 8884,1740 3366,1253 7327,4221

1183,302 6617,9709 1969,4804 4748,712 9299,225 9613,8042 4210,5680 6187,6928 4014,2060 6365,8137 9592,7377 5816,5578 8589,5816 9017,5292 8747,870 5340,8218 7539,7464 3318,6335 2719,6866 8187,9963 8152,9940 6230,5511 6437,6205 1483,8258 3062,1039 5581,5447 4409,6770 4012,6963 4058,2278 1810,8599 4890,3862 4107,3759 8229,9294 8033,9434 4321,6018 5677,374 8434,8575 4883,4581 7507,4555 1726,1868 1475,9531 3816,8450

9049,3153 5305,2412 2128,7663 311,8215 1467,3911 9640,2928 5011,5302 8514,2508 366,1179 1042,9827 9928,1754 2974,2013 1930,8431 4081,8819 1848,5223 5686,4994 201,7728 5224,3719 8253,304 6993,9491 1559,4819 667,2702 8626,8437 9242,7141 5676,3267 3540,2464 8641,9295 7617,8897 843,3603 8330,2078 3953,8883 9025,3113 2949,141 4103,7204 5865,1225 3709,6788 6418,8977 3398,8009 5738,279 2690,3014 4608,4087 1241,8212 127,3534 1186,6679 1287,6953 8422,862 462,9306 2822,5500 1830,409 6095,4630 2641,1136 1415,9092 2054,1015 74,4722 2485,6744 1650,5244 7493,6042 5492,2963 5453,9338 7971,4606 5695,8710 2169,2206 1495,2646 3014,8825 2508,287 7935,1783 2807,6462 5588,4583 1017,9273 6789,9761 3288,7700 9752,7658 2100,5318 4214,6775 4475,1035 1821,6417 2825,5110 4077,6158 9239,2336 7641,171 8723,6039 8966,5079 5101,5350 6453,7926 6496,8232 7648,270 6581,6171 6335,7383 4444,1520 845,7320 5428,341 8006,9131 1849,7976 6778,2699 2170,6735 5848,6948 6413,1503 9596,3049 6839,1747 4387,3781 321,3295 3765,5734 9681,4088 6982,5161 6056,8852 7320,7187 6605,904 8620,1639 2157,9946 9092,4639 2816,8637 3588,9916 4011,2486 6702,3112 422,9468 8059,1226 1140,9354 6187,1806 5729,2815 8627,906 8535,3624 5351,5623 4988,2723 9253,9413 2240,5414 1425,6914 972,5218 8389,4420 5858,7961 1184,693 9512,51 2007,2734 5674,2951 4123,1357 5199,4527 6645,8830 6720,4461 4221,9376 9172,2826 9577,486 2456,8332 8903,5586 2157,2625 8361,719 7989,7777 1939,8930 2211,1088 9642,4118 4466,7632 2819,4078 9806,7281 4569,6656 1264,5388 3017,1234 3452,3951 941,7789 1854,8364 3562,8293 427,7804 8114,4853 8339,1410 8598,6677 6272,9986 5730,6793 2925,8103 4223,9689 7821,5770 4152,6263 7646,4412 7490,1107 3045,5498 214,9777 2341,237 2492,8033 4625,7898 4762,7722 2932,7600 8243,985 8907,7522 8887,7250 2135,6787 1205,1663 8032,1484 2371,4770 9472,7997 2072,2769 6803,7201 562,6767

2245,8676 6772,7965 9384,8011 9097,2670 4198,5403 2420,1282 9022,9873 5914,9122 1987,4965 5713,8096 5844,5470 9773,3860 6696,1588 1762,4099 9513,2082 936,7030 8103,2305 9685,5662 2361,9396 6855,848 2288,2379 6894,2221 7656,9916 2581,5337 2146,46 5660,4630 216,3275 6143,1259 6307,1841 5980,4261 9018,7455 3872,953 2490,1577 372,3559 704,2375 4431,8860 3559,1649 9911,7317 9899,6863 3960,1741 4607,584 2913,583 6908,4363 9311,8898 2695,6104 5552,4536 2769,1102 184,5839 543,537 5684,4400 357,3096 530,6539 9024,4431 274,5449 9679,1507 7958,737 4122,8150 1654,9596 4866,4306 6204,3368 1651,168 7961,1693 6085,4387 7781,3350 3301,8248 6121,2082 5797,2711 7866,3965 819,3524 9970,4998 944,2040 7995,3298 5635,308 2645,1299 3570,8343 3090,8066 1378,3427 7643,2577 9541,5675 2820,4885 4444,8619 1825,8034 2616,1668 5168,3812 7585,4434 3487,2699 2458,8863 7235,4185 7620,9105 6018,1753 79,7648 6453,4932 7345,739 1423,5715 1906,4866 6717,5839 3199,7160 3105,5765 2570,9183 7197,6091 3664,7125 5933,5440 9563,2326 752,1257 9406,5413 1940,2009 4051,7853 8486,9890 547,8985 5468,9628 4922,6201 9304,3171 8079,314 6771,2033 4001,7759 7965,9304 2966,414 8335,9848 1363,2600 8975,8739 7811,9768 7602,7521 1303,617 8011,7026 6895,8460 9116,9333 3193,7669 7898,1463 9790,42 6211,4675 2248,5114 9716,8288 2325,2542 7934,6123 3601,2417 5284,2343 3746,8878

5238,7840 8089,4513 9061,982 644,399 2780,1022 72,420 6184,5318 7984,1373 3061,509 5279,9779 3282,8913 9953,5848 5791,3962 3476,9693 8099,1346 2688,1973 8761,5713 7534,350 4070,5599 4267,8517 448,2250 4121,5846 8145,173 9657,7877 5848,7478 6765,755 9284,747 4000,5548 7085,7041 7681,8701 410,8338 7704,5181 8538,4206 4980,3341 8784,3450 27,2048 6339,860 4563,4694 6263,5087 2639,6233 3054,5810 9774,536 6383,6505 6075,8221 5926,1915 4484,8657 8311,8990 1040,7916 5239,6259 2415,2495 5905,1364 6750,6756 930,1886 5681,4739 8408,4645 3893,5669 1410,396 1903,8826 5184,7000 3182,4436 2897,2708 8909,3720 2067,8062 1184,1743 9697,997 4436,3122 9100,8877 3774,2120 8337,6839 6496,8214 8327,1142 601,7641 6066,7558 3179,9532 218,1688 8541,9530 5790,7626 9147,3838

2759,3755 3545,9811 2889,3342

6768,4065 7273,6427 7468,8701 4936,5443

5686,8210 9911,9042 2189,8490 629,7339 8774,5953

733,6886 1520,4314 439,1262

5468,9029 8070,1271 320,6475

748,3567 8000,7713 8433,4089 9187,5994 2154,348 4702,7732 6103,348 7338,780 2496,8419 9415,5106 7602,5977 4270,8712 522,8985 8235,7392 9434,9628 9626,939 6243,568 4448,5383 5089,3150 3157,7888 8782,2177 1698,9574 9857,9107 8241,2859 1353,7776 4132,6776 1522,3407 5183,9851 1090,9110 6810,3099 32,8654 2873,1909 3871,1346 6328,3979 6214,5419 9172,8421 9797,7583 8761,9869 2412,518 2747,4721 1293,1198 6806,9709 2922,7881 1004,6742 961,9526 4724,7829 6227,8223 5452,7674 4967,1383 3827,2534 8681,8339 2294,9400 5693,8419 1305,2803 2093,3568 8043,8123 5015,8001 3699,8857 1558,4560 9629,5097 7946,5155 9589,1434 7409,5137 8599,9242 1099,2066 925,4780 7138,1066 9027,4143 5066,2012 901,9461 2731,5206 7392,6252 3566,695 6028,6812 4438,8983 3936,2528 2393,565 3596,1851 3607,2463 8009,7873 5698,4193 7919,5283 4313,3331 5041,2622 6214,4074 4695,1334 5116,4107 8391,2127 5190,378 9314,9612 546,847 7446,2783 4785,1622 8068,6303 1669,3302 4165,9626 5914,2645 978,7197 5098,7073 2984,8195 3486,8864 2293,5346 6769,5715 501,9101 7349,8733 8261,1349 6110,3581 172,9761 6268,3051 3486,2504 676,2059 2582,7699 4429,8632 7955,6193 9839,4847 9822,6637 1140,9861 5709,9721 662,9420 3985,7717 7437,1810 5036,1767 6093,7474 412,5414 6825,2954 2097,8551

3045,6230 9481,9004 8762,5949 1062,9268 954,7156 2371,4810 5340,7445 6411,2851 2742,3589 3335,8601 2645,9745 8692,4269 5066,5911 3330,2433 3636,9841 1085,2697 3480,4042 3028,5622 2586,3478 5504,8167 8944,9742 7711,6889 656,4358 6174,762 4779,2384 1641,3326 1092,4027 7441,5650 743,6893 6626,1999 4758,8954 6063,1940 5525,7162 989,7968 5335,8242 9596,5462 5232,1675 7557,61 6139,574 1483,1621 4133,3737 6908,9851 822,1294

823,4416 6142,519 8688,7077 639,1729 3104,6325 517,3740

1794,3120 1235,4647 8771,1337 804,7180 3296,6831 8531,6063 515,7483 2509,4551 5828,6186 8928,7432 3299,7779 6722,1581 5176,8344 2896,7196 7211,7729 1512,5215 370,2465 416,4344 2051,2543 1084,763 6744,4476 9182,9590 3896,1776 1486,6612 9059,7220 7603,7312 7700,7201 7643,7367 675,5165 6761,21 9195,3890 4235,2046 7887,8604 5305,4708 2904,5601 99,5218 7779,894 2284,8222 2008,8690 1045,4430 750,3256 6182,852 2377,4516 4773,9103 4834,4428 575,2680 9465,2916 941,4733 9592,2143 6867,1187 3606,84 6740,6565 6995,9352 5675,8241 3238,3899 5791,9417 1680,9642 4167,9143 2952,6706 9282,2806 2682,4270 8890,9664 7925,5783 2598,6498 4818,6641 1321,7582 2056,7563 3751,735 5426,7563 6351,3339 1702,38 8868,5497 5848,4966 4470,9402 9349,2292 2126,1671 6053,3628 3782,6919 8179,1333 3525,643 6509,7915 2179,4875 2405,6668 2834,3080 8618,9932 7049,912 7369,9023 7409,4251 5151,3459 5429,9451 7128,5256 4480,7072 4029,2128

2372,7943 9788,6937 8543,8154 5180,1399 648,9282 3203,927 1559,7454 4310,6158 3798,4803 9744,431 5382,9233 1578,5059 2982,7118 5391,6668 6734,1205 7758,6239 8664,4856 6332,4945 6913,9977 127,8343 7980,4257 7023,3994 1649,7501 5264,4544 9721,4341 9662,9765 3721,8135 2050,1977 9572,5865 2200,8124 8289,6160 7584,4110 1330,8031 8309,8888 970,4587 4304,9301 4180,3417 7089,4058 3011,8831 105,405 8225,2631 1170,1696 8783,8359 337,5169 3897,8163 3963,4899 9165,5858 2293,4078 3875,9662 9711,6404 2597,3500 4571,6279 1053,8728 7191,8990 3868,2271 2964,1229

7141,3429 2739,2305 964,4891 8633,2484 9365,1433 4444,3686 6780,1250 3343,9822 5705,8579 3565,9606 4974,2540 9955,1018 824,5502 4581,4763 905,3754 4809,7504 279,3243 9137,4226 407,752 6642,7585 3806,5869 1743,69 9140,1099 833,5540 2858,5581 1383,9547 6895,7072 635,4726 4279,3830 992,4871 7189,9218 9925,339 2407,3147 7671,7833 9613,8877 3061,47 166,9610 1526,1676 6557,7304 454,1740 9883,929 9033,6751 7569,3557 7318,746 9965,5441 1820,481 6551,8734 7131,95 8762,8589 1851,6331 4729,285 9150,2077 3152,7325 8244,2974 8439,5886 5835,4351 2421,2478 8575,1399 7268,6026 9768,7198 3515,6885 57,7037 1794,2769 6208,8133 6254,8171 4936,1633 4443,7243 5687,4881 5237,6954 2008,8403 5180,5988 8119,5230 5806,4258 7130,5453 6916,2638 9454,3356 4045,2036 7038,2503 1064,6654 3921,3967 9238,9844 8126,7325 3877,9589 8144,7669 5239,5004 1831,7073 4786,174 9813,9710 5073,6876 374,7258 5426,8901 5413,7779 6707,6832 4305,4219 7545,7261 2718,5539 5242,6595 434,6770 3656,8256 7935,9003 83,7852 5327,7659 2319,8334 2794,2769 4498,2568 6495,7613 2369,2216 6534,9462 9206,9501 5293,1003 4516,7035 1610,4431 4095,7662 1471,6144 4992,8658 7230,4619 5145,596 985,6674 9534,2657 7347,4962 6357,7010 4198,6378 1302,2029 3028,5026 1449,279 5428,8418 9473,7102 5460,9989 5397,7851 6144,6361 4727,7709 2032,6493 9485,4079 4744,2503 3711,3671 2826,5803 4626,6251 9397,5381 7157,277 2476,6557 1361,3902 4397,7680 9074,2649 5739,6111 3888,1332 1054,2297 6042,4733 1677,1429 5218,1140 5757,120 1953,1558 2996,1351 8240,8201 8469,3155 6513,5353 6245,596 238,4272 4591,6195 3578,1616 2250,297 7284,9771 5921,4552 8135,235 8596,8369 9128,6582 7989,6975 188,9247 836,7462 7138,4172 661,3143 2798,949 9078,2357 4474,837 8809,6970 8725,2225 6975,2949 240,4428 4283,2281 6440,7569 2636,8158

9259,8104 3609,9166 2982,5970 6892,6661 3746,528 5360,4149 6748,9252 7729,4019 1387,5597 379,7468 5255,3590 3783,4932 8234,9727 5037,1789 7001,3680 3953,602 5332,7274 7065,1242 4125,2427 5738,5293 8801,1419 3887,3142 7721,5506 1859,5765 6914,7880 1918,465 2123,9998 5615,2154 4522,9179 4557,9655 2857,8914 3705,3294 3577,4024 4049,5497 770,4942 6151,6128 6790,5066 9426,1319 4220,8898 1387,8540 6868,2903 5351,8611 6112,7798 1451,4802 4196,8847 107,8547 712,9168 9288,9344 2058,5300 8679,6453 9886,7574 5659,6359 4910,7593 6859,5320 597,8829 8995,7161 4387,4110 7974,9267 5788,9255 9528,5216 2254,5094 9948,1554 8330,5845 1105,9809 7871,4445 673,5222 5872,8764 5237,2028 6431,941 4667,4284 7001,4043 1767,9697 796,6943 3130,738 9478,9847 5739,6717 9185,5249 4243,1510 9534,922 8153,4810 7344,5051 7636,1079 1489,4238 9465,388 7140,4616 5455,2151 8984,5436 3385,9693 5528,4987 5935,7638 5076,5596 1763,105 2245,7206 7084,4690 3376,4951 9738,2236 6188,2984 5032,8568 6988,7196 3599,6345 4147,2390 1480,9397 3280,1493 8143,7410 9397,4445 9965,468 7889,1624 208,9004 189,5092 754,4420 77,1654 5900,9889 659,3144 4163,6991 7555,3787 5655,1133 2497,1741 8261,7022 5859,3373 9511,7962 7630,7107 3550,3003 8372,9981 4921,4891 3682,4271 7011,7489 5817,7934 1081,3312 750,318 3904,3797 7040,3440 9027,7392 7012,2304 1002,7377 6645,957 9756,2286 5915,3987 9376,992 4452,179 775,8101 7853,2867 1219,7710 8056,9110 5303,7865 4004,510 7122,4578 9716,2415 3296,5110 1195,1029 2979,6535 2960,8758 3374,4900 3795,2964 2551,6781 4267,6984 8954,7834 9712,1787 3529,9481 6925,3963 8061,1584 3183,2890 1391,8866 8338,1131 417,1087 7702,1444 6113,5030 1934,49 899,330 8742,5314 5337,5196 5613,2730 5360,1245 9440,4729 2358,8842 6890,482 6141,9254 8392,9882 1499,514 1560,4890 2217,2954 5803,899 1369,5499 1134,4443 9377,1862 610,9627 340,4406 9067,4094 2689,253 1852,8427 3114,1634 8488,4218 4594,8200 6452,6068 3626,585 1606,3292 5334,5132 8747,3997 9280,8021 4480,2586 5148,4124 4270,380 1183,3285 8784,7649 9053,6106 681,1682 6409,2791 4954,451 2643,5201 4838,9147 4417,9044 5432,6407 7699,5719 4225,522 1366,3171 3765,187 767,1625 6333,904 4976,6361 9084,2224 4079,1649 2295,8742 459,9851 799,1197 5232,6368 2822,9144 3675,1959 9186,9649 6112,6506 2967,8365 834,6836 3663,2634 4039,5311 7256,4058 7042,6993 5632,1097 4027,4564 7803,2925

7070,2329 4343,2085 8011,8175 5815,7821 7659,8740
